STATISTICS:
Misses:
Total: 100 DataReads: 21 DataWrites: 8 InstrFetches: 71
Miss rate:
Total: 0.21 DataReads: 0.333333 DataWrites: 0.25 InstrFetch: 0.169014
Number of Dirty Blocks Evicted From the Cache: 0

CACHE CONTENTS
Set	V   Tag   Dirty	Word0     Word1     Word2     Word3     Word4     Word5     Word6     Word7     
0	0  00000000  0  00000000  00000000  00000000  00000000  00000000  00000000  00000000  00000000
1	0  00000000  0  00000000  00000000  00000000  00000000  00000000  00000000  00000000  00000000
2	1  00000012  0  00012058  0001205c  00012060  00012064  00012068  0001206c  00012070  00012074
3	1  00000012  0  00012060  00012064  00012068  0001206c  00012070  00012074  00012078  0001207c
4	0  00000000  0  00000000  00000000  00000000  00000000  00000000  00000000  00000000  00000000
5	0  00000000  0  00000000  00000000  00000000  00000000  00000000  00000000  00000000  00000000
6	0  00000000  0  00000000  00000000  00000000  00000000  00000000  00000000  00000000  00000000
7	0  00000000  0  00000000  00000000  00000000  00000000  00000000  00000000  00000000  00000000
8	0  00000000  0  00000000  00000000  00000000  00000000  00000000  00000000  00000000  00000000
9	0  00000000  0  00000000  00000000  00000000  00000000  00000000  00000000  00000000  00000000
10	0  00000000  0  00000000  00000000  00000000  00000000  00000000  00000000  00000000  00000000
11	0  00000000  0  00000000  00000000  00000000  00000000  00000000  00000000  00000000  00000000
12	0  00000000  0  00000000  00000000  00000000  00000000  00000000  00000000  00000000  00000000
13	0  00000000  0  00000000  00000000  00000000  00000000  00000000  00000000  00000000  00000000
14	0  00000000  0  00000000  00000000  00000000  00000000  00000000  00000000  00000000  00000000
15	0  00000000  0  00000000  00000000  00000000  00000000  00000000  00000000  00000000  00000000
16	0  00000000  0  00000000  00000000  00000000  00000000  00000000  00000000  00000000  00000000
17	0  00000000  0  00000000  00000000  00000000  00000000  00000000  00000000  00000000  00000000
18	0  00000000  0  00000000  00000000  00000000  00000000  00000000  00000000  00000000  00000000
19	0  00000000  0  00000000  00000000  00000000  00000000  00000000  00000000  00000000  00000000
20	0  00000000  0  00000000  00000000  00000000  00000000  00000000  00000000  00000000  00000000
21	0  00000000  0  00000000  00000000  00000000  00000000  00000000  00000000  00000000  00000000
22	0  00000000  0  00000000  00000000  00000000  00000000  00000000  00000000  00000000  00000000
23	1  00000012  0  000122f8  000122fc  00012300  00012304  00012308  0001230c  00012310  00012314
24	0  00000000  0  00000000  00000000  00000000  00000000  00000000  00000000  00000000  00000000
25	0  00000000  0  00000000  00000000  00000000  00000000  00000000  00000000  00000000  00000000
26	0  00000000  0  00000000  00000000  00000000  00000000  00000000  00000000  00000000  00000000
27	0  00000000  0  00000000  00000000  00000000  00000000  00000000  00000000  00000000  00000000
28	0  00000000  0  00000000  00000000  00000000  00000000  00000000  00000000  00000000  00000000
29	0  00000000  0  00000000  00000000  00000000  00000000  00000000  00000000  00000000  00000000
30	0  00000000  0  00000000  00000000  00000000  00000000  00000000  00000000  00000000  00000000
31	0  00000000  0  00000000  00000000  00000000  00000000  00000000  00000000  00000000  00000000
32	0  00000000  0  00000000  00000000  00000000  00000000  00000000  00000000  00000000  00000000
33	0  00000000  0  00000000  00000000  00000000  00000000  00000000  00000000  00000000  00000000
34	0  00000000  0  00000000  00000000  00000000  00000000  00000000  00000000  00000000  00000000
35	0  00000000  0  00000000  00000000  00000000  00000000  00000000  00000000  00000000  00000000
36	0  00000000  0  00000000  00000000  00000000  00000000  00000000  00000000  00000000  00000000
37	0  00000000  0  00000000  00000000  00000000  00000000  00000000  00000000  00000000  00000000
38	0  00000000  0  00000000  00000000  00000000  00000000  00000000  00000000  00000000  00000000
39	0  00000000  0  00000000  00000000  00000000  00000000  00000000  00000000  00000000  00000000
40	0  00000000  0  00000000  00000000  00000000  00000000  00000000  00000000  00000000  00000000
41	0  00000000  0  00000000  00000000  00000000  00000000  00000000  00000000  00000000  00000000
42	0  00000000  0  00000000  00000000  00000000  00000000  00000000  00000000  00000000  00000000
43	0  00000000  0  00000000  00000000  00000000  00000000  00000000  00000000  00000000  00000000
44	0  00000000  0  00000000  00000000  00000000  00000000  00000000  00000000  00000000  00000000
45	0  00000000  0  00000000  00000000  00000000  00000000  00000000  00000000  00000000  00000000
46	0  00000000  0  00000000  00000000  00000000  00000000  00000000  00000000  00000000  00000000
47	0  00000000  0  00000000  00000000  00000000  00000000  00000000  00000000  00000000  00000000
48	0  00000000  0  00000000  00000000  00000000  00000000  00000000  00000000  00000000  00000000
49	0  00000000  0  00000000  00000000  00000000  00000000  00000000  00000000  00000000  00000000
50	0  00000000  0  00000000  00000000  00000000  00000000  00000000  00000000  00000000  00000000
51	0  00000000  0  00000000  00000000  00000000  00000000  00000000  00000000  00000000  00000000
52	0  00000000  0  00000000  00000000  00000000  00000000  00000000  00000000  00000000  00000000
53	0  00000000  0  00000000  00000000  00000000  00000000  00000000  00000000  00000000  00000000
54	0  00000000  0  00000000  00000000  00000000  00000000  00000000  00000000  00000000  00000000
55	0  00000000  0  00000000  00000000  00000000  00000000  00000000  00000000  00000000  00000000
56	0  00000000  0  00000000  00000000  00000000  00000000  00000000  00000000  00000000  00000000
57	0  00000000  0  00000000  00000000  00000000  00000000  00000000  00000000  00000000  00000000
58	0  00000000  0  00000000  00000000  00000000  00000000  00000000  00000000  00000000  00000000
59	0  00000000  0  00000000  00000000  00000000  00000000  00000000  00000000  00000000  00000000
60	0  00000000  0  00000000  00000000  00000000  00000000  00000000  00000000  00000000  00000000
61	0  00000000  0  00000000  00000000  00000000  00000000  00000000  00000000  00000000  00000000
62	0  00000000  0  00000000  00000000  00000000  00000000  00000000  00000000  00000000  00000000
63	0  00000000  0  00000000  00000000  00000000  00000000  00000000  00000000  00000000  00000000
64	0  00000000  0  00000000  00000000  00000000  00000000  00000000  00000000  00000000  00000000
65	0  00000000  0  00000000  00000000  00000000  00000000  00000000  00000000  00000000  00000000
66	0  00000000  0  00000000  00000000  00000000  00000000  00000000  00000000  00000000  00000000
67	0  00000000  0  00000000  00000000  00000000  00000000  00000000  00000000  00000000  00000000
68	0  00000000  0  00000000  00000000  00000000  00000000  00000000  00000000  00000000  00000000
69	0  00000000  0  00000000  00000000  00000000  00000000  00000000  00000000  00000000  00000000
70	0  00000000  0  00000000  00000000  00000000  00000000  00000000  00000000  00000000  00000000
71	0  00000000  0  00000000  00000000  00000000  00000000  00000000  00000000  00000000  00000000
72	0  00000000  0  00000000  00000000  00000000  00000000  00000000  00000000  00000000  00000000
73	0  00000000  0  00000000  00000000  00000000  00000000  00000000  00000000  00000000  00000000
74	0  00000000  0  00000000  00000000  00000000  00000000  00000000  00000000  00000000  00000000
75	0  00000000  0  00000000  00000000  00000000  00000000  00000000  00000000  00000000  00000000
76	0  00000000  0  00000000  00000000  00000000  00000000  00000000  00000000  00000000  00000000
77	0  00000000  0  00000000  00000000  00000000  00000000  00000000  00000000  00000000  00000000
78	0  00000000  0  00000000  00000000  00000000  00000000  00000000  00000000  00000000  00000000
79	0  00000000  0  00000000  00000000  00000000  00000000  00000000  00000000  00000000  00000000
80	0  00000000  0  00000000  00000000  00000000  00000000  00000000  00000000  00000000  00000000
81	0  00000000  0  00000000  00000000  00000000  00000000  00000000  00000000  00000000  00000000
82	0  00000000  0  00000000  00000000  00000000  00000000  00000000  00000000  00000000  00000000
83	1  00000feb  0  00feba68  00feba6c  00feba70  00feba74  00feba78  00feba7c  00feba80  00feba84
84	1  00000feb  0  00feba88  00feba8c  00feba90  00feba94  00feba98  00feba9c  00febaa0  00febaa4
85	0  00000000  0  00000000  00000000  00000000  00000000  00000000  00000000  00000000  00000000
86	1  00000feb  1  00febac8  00febacc  00febad0  00febad4  0000ffff  00febadc  00febae0  00febae4
87	1  00000feb  1  fdfdfdfd  00febae4  00febae8  00febaec  fafafafa  00febaf4  00febaf8  00febafc
88	0  00000000  0  00000000  00000000  00000000  00000000  00000000  00000000  00000000  00000000
89	0  00000000  0  00000000  00000000  00000000  00000000  00000000  00000000  00000000  00000000
90	0  00000000  0  00000000  00000000  00000000  00000000  00000000  00000000  00000000  00000000
91	0  00000000  0  00000000  00000000  00000000  00000000  00000000  00000000  00000000  00000000
92	0  00000000  0  00000000  00000000  00000000  00000000  00000000  00000000  00000000  00000000
93	0  00000000  0  00000000  00000000  00000000  00000000  00000000  00000000  00000000  00000000
94	1  0000040b  0  0040bbd4  0040bbd8  0040bbdc  0040bbe0  0040bbe4  0040bbe8  0040bbec  0040bbf0
95	1  0000040b  0  0040bbe0  0040bbe4  0040bbe8  0040bbec  0040bbf0  0040bbf4  0040bbf8  0040bbfc
96	1  0000040b  0  0040bc00  0040bc04  0040bc08  0040bc0c  0040bc10  0040bc14  0040bc18  0040bc1c
97	1  0000040b  0  0040bc20  0040bc24  0040bc28  0040bc2c  0040bc30  0040bc34  0040bc38  0040bc3c
98	1  0000040b  0  0040bc40  0040bc44  0040bc48  0040bc4c  0040bc50  0040bc54  0040bc58  0040bc5c
99	1  0000040b  0  0040bc74  0040bc78  0040bc7c  0040bc80  0040bc84  0040bc88  0040bc8c  0040bc90
100	1  0000040b  0  0040bc80  0040bc84  0040bc88  0040bc8c  0040bc90  0040bc94  0040bc98  0040bc9c
101	1  0000040b  0  0040bca0  0040bca4  0040bca8  0040bcac  0040bcb0  0040bcb4  0040bcb8  0040bcbc
102	1  0000040b  0  0040bcc0  0040bcc4  0040bcc8  0040bccc  0040bcd0  0040bcd4  0040bcd8  0040bcdc
103	1  0000040b  0  0040bce0  0040bce4  0040bce8  0040bcec  0040bcf0  0040bcf4  0040bcf8  0040bcfc
104	1  0000040b  0  0040bd00  0040bd04  0040bd08  0040bd0c  0040bd10  0040bd14  0040bd18  0040bd1c
105	1  0000040b  0  0040bd20  0040bd24  0040bd28  0040bd2c  0040bd30  0040bd34  0040bd38  0040bd3c
106	0  00000000  0  00000000  00000000  00000000  00000000  00000000  00000000  00000000  00000000
107	0  00000000  0  00000000  00000000  00000000  00000000  00000000  00000000  00000000  00000000
108	0  00000000  0  00000000  00000000  00000000  00000000  00000000  00000000  00000000  00000000
109	0  00000000  0  00000000  00000000  00000000  00000000  00000000  00000000  00000000  00000000
110	0  00000000  0  00000000  00000000  00000000  00000000  00000000  00000000  00000000  00000000
111	0  00000000  0  00000000  00000000  00000000  00000000  00000000  00000000  00000000  00000000
112	0  00000000  0  00000000  00000000  00000000  00000000  00000000  00000000  00000000  00000000
113	0  00000000  0  00000000  00000000  00000000  00000000  00000000  00000000  00000000  00000000
114	0  00000000  0  00000000  00000000  00000000  00000000  00000000  00000000  00000000  00000000
115	0  00000000  0  00000000  00000000  00000000  00000000  00000000  00000000  00000000  00000000
116	0  00000000  0  00000000  00000000  00000000  00000000  00000000  00000000  00000000  00000000
117	0  00000000  0  00000000  00000000  00000000  00000000  00000000  00000000  00000000  00000000
118	0  00000000  0  00000000  00000000  00000000  00000000  00000000  00000000  00000000  00000000
119	0  00000000  0  00000000  00000000  00000000  00000000  00000000  00000000  00000000  00000000
120	0  00000000  0  00000000  00000000  00000000  00000000  00000000  00000000  00000000  00000000
121	0  00000000  0  00000000  00000000  00000000  00000000  00000000  00000000  00000000  00000000
122	0  00000000  0  00000000  00000000  00000000  00000000  00000000  00000000  00000000  00000000
123	0  00000000  0  00000000  00000000  00000000  00000000  00000000  00000000  00000000  00000000
124	0  00000000  0  00000000  00000000  00000000  00000000  00000000  00000000  00000000  00000000
125	0  00000000  0  00000000  00000000  00000000  00000000  00000000  00000000  00000000  00000000
126	0  00000000  0  00000000  00000000  00000000  00000000  00000000  00000000  00000000  00000000
127	1  0000000f  0  0000fff0  0000fff4  0000fff8  0000fffc  00010000  00010004  00010008  0001000c

MAIN MEMORY:
Address      Words
0040bc80     0040bc80  0040bc84  0040bc88  0040bc8c  0040bc90  0040bc94  0040bc98  0040bc9c
0040bca0     0040bca0  0040bca4  0040bca8  0040bcac  0040bcb0  0040bcb4  0040bcb8  0040bcbc
0040bcc0     0040bcc0  0040bcc4  0040bcc8  0040bccc  0040bcd0  0040bcd4  0040bcd8  0040bcdc
0040bce0     0040bce0  0040bce4  0040bce8  0040bcec  0040bcf0  0040bcf4  0040bcf8  0040bcfc
0040bd00     0040bd00  0040bd04  0040bd08  0040bd0c  0040bd10  0040bd14  0040bd18  0040bd1c
0040bd20     0040bd20  0040bd24  0040bd28  0040bd2c  0040bd30  0040bd34  0040bd38  0040bd3c
0040bd40     0040bd40  0040bd44  0040bd48  0040bd4c  0040bd50  0040bd54  0040bd58  0040bd5c
0040bd60     0040bd60  0040bd64  0040bd68  0040bd6c  0040bd70  0040bd74  0040bd78  0040bd7c
0040bd80     0040bd80  0040bd84  0040bd88  0040bd8c  0040bd90  0040bd94  0040bd98  0040bd9c
0040bda0     0040bda0  0040bda4  0040bda8  0040bdac  0040bdb0  0040bdb4  0040bdb8  0040bdbc
0040bdc0     0040bdc0  0040bdc4  0040bdc8  0040bdcc  0040bdd0  0040bdd4  0040bdd8  0040bddc
0040bde0     0040bde0  0040bde4  0040bde8  0040bdec  0040bdf0  0040bdf4  0040bdf8  0040bdfc
0040be00     0040be00  0040be04  0040be08  0040be0c  0040be10  0040be14  0040be18  0040be1c
0040be20     0040be20  0040be24  0040be28  0040be2c  0040be30  0040be34  0040be38  0040be3c
0040be40     0040be40  0040be44  0040be48  0040be4c  0040be50  0040be54  0040be58  0040be5c
0040be60     0040be60  0040be64  0040be68  0040be6c  0040be70  0040be74  0040be78  0040be7c
0040be80     0040be80  0040be84  0040be88  0040be8c  0040be90  0040be94  0040be98  0040be9c
0040bea0     0040bea0  0040bea4  0040bea8  0040beac  0040beb0  0040beb4  0040beb8  0040bebc
0040bec0     0040bec0  0040bec4  0040bec8  0040becc  0040bed0  0040bed4  0040bed8  0040bedc
0040bee0     0040bee0  0040bee4  0040bee8  0040beec  0040bef0  0040bef4  0040bef8  0040befc
0040bf00     0040bf00  0040bf04  0040bf08  0040bf0c  0040bf10  0040bf14  0040bf18  0040bf1c
0040bf20     0040bf20  0040bf24  0040bf28  0040bf2c  0040bf30  0040bf34  0040bf38  0040bf3c
0040bf40     0040bf40  0040bf44  0040bf48  0040bf4c  0040bf50  0040bf54  0040bf58  0040bf5c
0040bf60     0040bf60  0040bf64  0040bf68  0040bf6c  0040bf70  0040bf74  0040bf78  0040bf7c
0040bf80     0040bf80  0040bf84  0040bf88  0040bf8c  0040bf90  0040bf94  0040bf98  0040bf9c
0040bfa0     0040bfa0  0040bfa4  0040bfa8  0040bfac  0040bfb0  0040bfb4  0040bfb8  0040bfbc
0040bfc0     0040bfc0  0040bfc4  0040bfc8  0040bfcc  0040bfd0  0040bfd4  0040bfd8  0040bfdc
0040bfe0     0040bfe0  0040bfe4  0040bfe8  0040bfec  0040bff0  0040bff4  0040bff8  0040bffc
0040c000     0040c000  0040c004  0040c008  0040c00c  0040c010  0040c014  0040c018  0040c01c
0040c020     0040c020  0040c024  0040c028  0040c02c  0040c030  0040c034  0040c038  0040c03c
0040c040     0040c040  0040c044  0040c048  0040c04c  0040c050  0040c054  0040c058  0040c05c
0040c060     0040c060  0040c064  0040c068  0040c06c  0040c070  0040c074  0040c078  0040c07c
